   1.319
   3.924
   11.35
  -3.636
  -9.177
   8.724
  -9.783
   6.553
   8.864
   2.908
   12.38
    5.08
 -0.7028
  -8.207
   4.471
   8.369
   1.632
  -7.634
  -7.293
  -7.825
  -3.655
  -8.902
   -1.84
 -0.6134
   0.192
   1.753
   7.092
  -2.153
   11.52
  -1.796
  -8.735
   13.16
   5.582
  -2.756
   3.249
   11.51
   4.845
  -8.603
  -3.261
   7.472
 -0.6929
   6.732
  -3.137
  -3.191
  -8.191
   10.68
  -4.499
   14.31
  -6.656
  -5.172
   -3.41
  -8.412
  -6.627
   7.765
   11.44
   14.89
   5.135
   12.86
   4.054
   7.922
   10.96
  -3.897
   11.42
   14.65
   7.595
  -1.114
   13.84
   7.104
    1.48
  0.8481
   5.259
  -6.774
   4.103
   2.667
   13.53
 -0.3562
   2.286
   8.878
  -4.243
   4.501
    3.51
   10.69
   8.625
   -4.73
   6.217
   -6.21
   3.677
    1.56
  -4.866
  -3.838
  -2.357
   2.931
   11.58
  -9.102
  -7.248
   11.71
  -1.235
  -5.993
  -2.955
   5.792
  -2.864
  -2.765
  -5.316
   11.47
   14.66
  0.8689
  -8.732
   11.24
  -2.864
  -3.445
   9.144
   1.598
  -1.464
  0.1085
   7.718
  0.8781
   1.286
   9.328
    3.77
   7.048
    11.6
   11.81
  -8.234
   5.529
   4.764
  -7.255
   14.17
   2.004
  -4.502
  -7.237
   6.756
   5.234
   8.218
  -9.286
  -6.079
   9.868
  -2.624
    11.5
   8.999
   4.254
  -7.237
   8.862
   14.57
   3.258
  -5.172
   -1.76
  -2.226
   6.068
  -5.016
   14.54
  -9.373
   4.013
  -4.076
  -5.047
  -9.671
   13.37
   6.933
    11.8
   4.579
   8.191
    14.2
   5.309
  -3.116
   3.086
   1.133
   -8.56
   6.876
   11.07
  -6.334
  -5.299
  -4.378
   1.343
   5.575
   5.956
  -9.062
   7.136
   8.793
   -9.76
     7.7
   8.496
   3.718
   -5.43
  -6.845
  -9.889
   14.53
   5.758
   -2.76
 -0.8803
    9.49
   8.222
  -7.115
   2.925
   -3.72
  -8.197
  -3.666
  -2.995
  -7.712
   9.571
   12.45
   12.73
  -5.067
   10.64
   5.045
  0.1613
   1.978
  -2.006
  -7.842
   10.89
   6.837
   11.27
  -8.598
   5.819
  -6.106
   9.587
   -9.74
      13
   8.811
   4.377
  -8.598
   10.42
    3.84
  -7.835
   7.995
   8.861
   8.141
    12.4
   9.015
   9.645
  -1.912
   5.262
   14.56
    12.5
  -7.415
  -5.522
  -8.826
  -1.633
  -1.622
  -4.869
  -2.866
   12.17
   5.367
  -3.527
   2.786
  -4.308
   6.919
  -5.258
   10.85
   -4.67
  -4.819
  0.9664
   1.724
  -5.056
   6.391
  -1.215
   3.814
  -1.343
   -8.81
   2.256
   13.83
   13.67
   9.939
   13.67
  -7.892
   8.055
   3.026
   6.361
   7.916
  -6.385
   11.18
   7.523
   9.774
   8.645
  -4.212
   6.018
   -4.24
   0.772
   9.199
   10.19
   8.827
   9.763
  -9.955
   5.683
   7.112
  0.3348
   8.547
   13.24
    9.25
  -5.032
   11.83
  -3.471
   14.69
    6.72
  -5.751
  -5.049
  -1.005
  -2.965
  -7.337
    6.45
   9.176
   8.562
   6.793
  -4.672
   8.982
   -2.04
  -5.494
 0.05739
 -0.7716
  -6.285
  -7.861
  -8.908
    13.1
   3.954
   9.807
   3.682
   11.47
 -0.7473
   1.717
  -4.316
   3.208
  -4.549
   11.48
   5.373
  -9.506
   11.47
  -7.578
   9.261
   14.13
   2.101
   2.903
   4.899
   -1.14
  -9.136
   1.621
  -6.299
  -1.334
   2.775
  -7.071
   13.75
  -7.902
  -2.822
  -2.853
    -2.4
   2.576
  0.5591
  -4.124
   5.121
  -6.293
   14.35
   2.305
   6.274
   14.59
  -2.238
   6.531
   13.95
  -4.846
  0.5591
  -4.134
  -8.244
  -8.577
  -4.091
  0.1513
   11.87
   5.875
   13.18
   12.07
    12.8
   7.732
  -4.254
   7.462
   7.242
   3.275
   8.816
  -9.371
   14.87
    6.16
  -2.766
   14.66
  -4.845
   7.728
  -6.705
   1.718
   5.168
  -2.684
 -0.4427
    13.4
   7.404
   7.575
  -3.344
  -4.014
   2.593
   9.776
   1.116
  0.8147
   12.51
   9.128
   -1.84
   4.549
   12.78
  -9.914
 -0.4709
   4.511
  -9.299
   11.67
   1.286
   13.99
   3.064
   2.759
  -8.364
   7.554
   8.941
   7.439
   8.732
  -8.637
    2.52
   5.279
  -1.507
  -1.519
  -4.097
   6.663
  -2.586
    9.19
   1.928
  -1.903
  -9.623
  -3.701
  -8.022
   12.52
  -6.533
  -4.539
   3.792
 -0.3662
   11.78
  0.4829
 -0.7213
  -3.823
  -2.755
   8.637
  -2.669
  -3.722
    6.42
  -9.024
   6.636
  -3.254
   8.321
   12.65
   8.487
  -7.611
  -7.774
   3.192
    14.6
  -3.677
  0.4872
   1.882
-0.08276
   10.29
   11.35
   3.011
   10.43
   -5.03
  -3.247
   1.215
      -4
  -9.718
   5.158
   11.78
  -6.868
   10.71
  -5.652
  -9.023
   7.831
  -9.375
   14.24
   6.329
  -1.606
   4.557
   14.72
   6.971
   8.225
   12.55
   3.411
  -6.065
  -1.352
   5.464
   3.533
   -9.53
   6.717
  0.2663
   11.69
   12.36
   3.034
   10.37
   5.676
   13.21
 -0.4423
  -9.063
   2.316
    4.82
   7.416
   9.184
  -9.749
   2.414
  -5.281
    14.7
   12.76
  -4.981
  -5.626
   9.776
  0.5813
  -9.253
   11.89
  -5.324
   4.706
   12.12
   8.206
   12.99
   4.208
   -8.64
   7.483
  -3.073
   14.05
  -9.258
   4.932
   12.64
  -7.108
  -2.132
 -0.3787
   5.505
  0.9118
  -4.002
   2.288
  -4.507
   7.611
   9.357
  -6.848
  -2.576
 -0.3683
  -1.548
    4.73
  -8.689
   13.56
   5.379
   4.642
  -7.335
  -6.234
 -0.8582
   3.431
  -2.193
  0.1681
  -4.043
   12.37
   4.181
  -8.909
   4.574
   1.285
   5.667
   6.057
  -3.419
   6.347
   12.89
  -1.399
   1.723
    12.9
  -1.454
  -5.915
   3.211
   13.29
  -7.311
  -2.491
   8.034
   14.62
   3.067
   1.325
  -7.726
  -3.368
   10.43
  -6.752
  -3.582
  -5.522
   13.82
   14.07
  -4.331
   6.541
   0.934
  -9.531
  -4.742
   2.249
  -6.626
  -7.173
  0.7598
   4.891
  -7.994
   -6.96
    13.4
 -0.5793
  -2.749
  -2.672
  0.3819
  -9.722
   4.406
   4.051
  -9.828
   9.197
  -1.049
   11.52
  -7.162
  -1.982
   1.867
  0.8082
  -4.648
  -8.497
   14.94
  -6.432
   6.901
  0.1443
  -8.908
   9.838
   4.201
  -7.019
   4.662
   0.859
    1.81
   5.409
   -3.25
   6.885
  -2.558
  -3.006
  -4.487
      15
  -7.724
   9.283
   11.48
  -8.088
   11.27
  -1.379
   7.869
  -8.197
  -1.523
  -6.043
  -4.108
    14.1
   12.35
   4.663
   5.074
   11.32
  -3.941
    3.34
   3.561
  -3.144
  -2.192
   8.636
  -6.563
   2.809
  -8.861
  -6.942
   6.032
   12.79
  -4.751
  -9.221
  -2.761
  -5.253
  -4.699
   5.458
  -7.179
   8.751
   12.74
  -6.953
   8.728
   14.83
  0.5972
  -5.395
  -3.591
   5.787
   13.82
  -5.887
   13.12
   14.98
   4.551
   1.283
  -7.752
 -0.8216
  -7.513
   9.372
   13.61
  -3.667
   10.15
   2.994
  -1.241
   8.419
  -1.773
  -9.066
   6.335
   9.236
  0.8609
   13.96
   2.331
   2.221
   10.98
   2.631
   5.433
   3.265
  -9.395
   10.12
   7.322
  -1.481
  -8.841
  -4.989
  -7.008
   2.212
  -1.219
   4.131
   11.06
   14.46
   4.644
   5.343
  -5.926
   4.087
  0.2562
  -4.627
   3.836
   -8.58
  -2.215
   7.614
   1.707
   6.119
  0.3634
  -5.058
  -6.081
  -5.019
  -2.597
   12.53
   1.891
   4.755
   9.907
  0.6529
   7.539
   14.95
   10.78
  -7.488
  -1.408
  -4.337
  -4.843
  -2.961
    13.9
  -9.638
  0.6834
   6.707
   13.75
  -1.272
   2.857
   5.352
  0.1701
   9.452
   10.33
  0.9757
   12.26
   8.052
   10.21
   8.564
   -3.51
   9.686
   13.41
   7.898
   2.008
  -8.039
 -0.0918
   1.365
  0.9665
   2.747
    14.1
  -3.227
   8.828
  -7.007
   10.09
  -9.837
   4.677
 -0.4643
  -2.987
   -1.38
   1.534
   2.911
   9.361
  -6.914
  -8.333
   10.17
   2.263
   6.175
  -8.095
   12.69
   -3.18
   14.98
   13.95
  -6.007
  0.4139
  -1.106
    9.69
   12.54
   2.016
  -2.589
   -8.49
   9.556
  -7.496
   -7.05
   2.606
  -8.141
   9.971
  -6.339
    12.3
   14.64
   10.04
  -8.762
   11.34
   14.29
   11.17
  -6.267
   7.233
  -8.766
      15
   8.368
  -5.457
  -7.303
   1.587
 -0.6517
  0.2063
  -4.443
 -0.1847
  -4.328
   3.844
   14.14
   7.637
  -1.053
   8.075
   8.037
   12.41
  -8.801
   8.831
   14.92
   11.22
  -7.312
  -9.334
   8.328
   6.168
  -5.283
  -2.932
   5.532
 -0.2964
  -7.552
  0.7745
  0.2975
   14.93
  -7.288
 -0.9169
   -4.28
  -9.079
  -3.177
   9.165
   12.03
   3.022
    8.39
   13.38
  -5.573
   8.176
  -8.871
   4.569
  -4.153
  -9.772
   1.676
   6.412
   9.819
    5.24
    -2.6
   -6.31
   3.259
   1.805
  -5.787
   12.63
 -0.7182
  -8.645
 -0.6132
   1.198
   10.02
  -6.522
  -5.638
    9.43
  -5.581
   6.229
  -7.438
  -5.269
  -8.917
   1.441
  -2.796
  -7.809
   1.054
  -4.959
   9.114
   9.898
   -4.36
  -7.643
   9.538
 -0.7477
 -0.7731
   8.437
  -7.046
  0.2756
  -2.912
   13.36
  -0.117
   11.93
  -6.801
   2.534
 -0.2933
   12.41
  -6.952
  -7.959
  -1.525
   4.491
   11.45
   13.92
   -3.28
   10.81
   5.358
   11.48
  -2.731
  -5.803
   6.676
   9.636
   13.06
   2.968
   5.074
   10.21
-0.05885
   -8.74
   5.795
   12.22
   14.51
   14.33
   12.47
    7.23
  -3.117
  -1.133
   9.941
 -0.3522
   3.564
   13.31
  -2.952
   2.027
  -9.793
   13.17
  -5.531
   5.389
  -5.546
   11.31
   2.515
  -0.461
  -6.257
  -1.701
   8.951
   -6.63
   13.12
   12.69
  -3.196
   10.18
   8.041
   11.34
   2.179
   7.985
  -2.789
   14.76
  -2.933
 -0.1694
  -4.631
   2.357
  -2.837
 -0.8977
  -3.886
    7.82
  -5.327
   14.84
   4.714
   14.38
  -8.868
  -2.945
  -4.079
  0.1426
   5.211
   7.031
  -3.219
   8.404
   5.534
   12.65
  -5.552
  -7.044
  -6.512
   8.686
  -6.005
    13.4
   11.04
   12.15
   1.228
   5.463
  -1.471
   7.565
